220049040
220049040
220584908
221232925
225261010
225261010
225261010
225261010
231413515
240794711
240794711
240794711
240794711
240794711
240794711
240794711
240794711
240794711
276166637
279319052
279319052
279319052
279319052
279319052
279319052
279319052
279319052
279319052
279319052
279319052
279319052
279319052
279319052
279319052
279319052
279319052
279319052
351972133
365183415
365183415
365183415
365183415
365183415
365183415
365183415
365183415
365183415
365183415
365183415
365183415
